$ 1 7.8125e-7 382.76258214399064 64 5 50 5e-11
r 608 544 608 448 0 4700
r 608 544 608 640 0 10000
c 544 544 464 544 0 0.000001 2.5251673342282746 0.001
g 608 640 608 656 0 0
R 608 448 608 432 0 0 40 5 0 0 0.5
c 816 576 880 576 0 0.000001 0.019985450328644756 0.001
r 880 576 880 672 0 100000
g 880 672 880 688 0 0
409 928 560 1056 560 1 0.6 -4.403593931487783 0.023100000000000002 0
R 992 528 992 480 0 0 40 5 0 0 0.5
R 992 592 992 656 0 0 40 -5 0 0 0.5
w 880 576 928 576 0
w 928 544 928 688 0
w 928 688 976 688 0
r 976 688 1056 688 0 2700
r 1056 560 1120 560 0 100
w 1120 560 1120 688 0
w 1120 688 1056 688 0
r 928 688 928 768 0 1000
g 928 768 928 784 0 0
c 976 720 1056 720 0 2.1999999999999998e-11 0.0002252975250771078 0.001
w 976 720 976 688 0
w 1056 720 1056 688 0
r 544 544 544 640 0 100000
g 544 640 544 656 0 0
174 656 544 736 576 1 10000 0.9950000000000001 Volume Control
w 544 544 608 544 0
g 752 544 752 512 0 0
w 656 544 608 544 0
w 704 576 816 576 0
r 1120 560 1200 560 0 715
r 1200 560 1280 560 0 715
409 1312 544 1440 544 1 0.6 -4.390221487435476 0.0231 0
w 1280 560 1312 560 0
c 1280 560 1280 608 0 1e-8 -0.004702386958231708 0.001
g 1280 608 1280 624 0 0
c 1248 480 1312 480 0 1e-8 0.0022218589738568955 0.001
w 1312 528 1312 496 0
w 1312 496 1440 496 0
w 1440 496 1440 544 0
w 1200 560 1200 480 0
w 1200 480 1248 480 0
w 1312 480 1456 480 0
w 1456 480 1456 544 0
w 1456 544 1440 544 0
w 1456 544 1488 544 0
R 1376 512 1376 432 0 0 40 5 0 0 0.5
R 1376 576 1376 640 0 0 40 -5 0 0 0.5
r 1488 544 1552 544 0 100
O 1552 544 1600 544 0 0
R 464 544 416 544 0 1 3296 1.46 0 0 0.5
o 28 64 0 20738 5 0.00078125 0 2 28 3
o 29 64 0 20739 0.078125 0.00009765625 1 2 29 3
o 11 64 0 20739 0.078125 0.00009765625 2 2 11 3
o 33 64 0 20739 0.3125 0.00009765625 3 2 33 3
o 49 1 0 20738 0.15625 0.1 4 1
38 50 F1 3 100 80000 -1 Source\sFrequency
38 50 F1 0 0 2 -1 Source\sVoltage
